OTU	12o	7o	2o	11o	4o	5o	13o	6o	1o	14o	3o	9o	15o	10o	8o
k__Archaea;p__Euryarchaeota;c__Methanobacteria;o__Methanobacteriales;f__Methanobacteriaceae	0.0	3.0989494561343705e-05	0.0	0.0	0.0	0.0	0.0	1.6848915772270053e-05	0.0	0.0	0.0	0.0	0.0	0.0	1.6685855400377098e-05
k__Bacteria;p__Acidobacteria;c__[Chloracidobacteria];o__RB41;f__Ellin6075	0.0	0.0	0.0	0.0	0.0	0.0	0.0	0.0	0.0	0.0	0.00017142000042855	0.0	0.0	0.0	0.0
k__Bacteria;p__Acidobacteria;c__iii1-8;o__DS-18;f__	0.0	0.0	0.0	0.0	0.0	0.0	0.00011157808606389705	0.0	0.0	0.0	0.0	0.0	0.0	0.0	0.0
k__Bacteria;p__Actinobacteria;c__Acidimicrobiia;o__Acidimicrobiales;f__	0.0	0.0	0.0	0.0	0.0	0.0	0.0	0.0	0.0	0.0	0.0	0.0	0.0	0.0	0.0
k__Bacteria;p__Actinobacteria;c__Actinobacteria;o__Actinomycetales;f__	0.0	0.0	0.0	0.0	0.0	0.0	0.0	0.0	3.7887398651208613e-05	8.751203290452436e-05	2.142750005356875e-05	0.0	0.0	0.0	0.0
k__Bacteria;p__Actinobacteria;c__Actinobacteria;o__Actinomycetales;f__Actinomycetaceae	0.047493139434729485	0.047785800613592014	0.14683795480593226	0.039135226393415684	0.07568825588796947	0.04091489960796205	0.05244170045003161	0.009519637411332582	0.1204250966128666	0.08698696070709723	0.03481968758704921	0.118991213602423	0.03992571959145775	0.048802946593001835	0.030535115382690117
k__Bacteria;p__Actinobacteria;c__Actinobacteria;o__Actinomycetales;f__Bogoriellaceae	0.0	0.0	0.0	0.0	0.0	0.0	0.0	0.0	0.0	0.0	0.0	0.0	0.0	0.0	0.0
k__Bacteria;p__Actinobacteria;c__Actinobacteria;o__Actinomycetales;f__Corynebacteriaceae	0.015083228171383934	0.0047568874151662595	0.008074034793616038	0.006659319530095903	0.0	0.011089692217721846	0.02188790121620114	0.0007582012097521523	0.026653784951125258	0.009363787520784107	0.0015642075039105185	0.002039163942783459	0.019808108944599192	0.0018816558571542962	0.004171463850094275
k__Bacteria;p__Actinobacteria;c__Actinobacteria;o__Actinomycetales;f__Cryptosporangiaceae	0.0	0.0	0.0	0.0	0.0	0.0	0.0	0.0	9.471849662802153e-05	0.0	0.0	0.0	0.0	0.0	0.0
k__Bacteria;p__Actinobacteria;c__Actinobacteria;o__Actinomycetales;f__Dermabacteraceae	0.0	0.0	0.0	0.0	0.0	0.0	0.0	0.0	0.0	0.003150433184562877	6.428250016070625e-05	0.0	0.0	0.0	0.0
k__Bacteria;p__Actinobacteria;c__Actinobacteria;o__Actinomycetales;f__Dietziaceae	0.0	0.0	0.0	0.0	0.0	0.0	0.0	0.0	0.0	0.0	2.142750005356875e-05	0.0	0.0	0.0	0.0
k__Bacteria;p__Actinobacteria;c__Actinobacteria;o__Actinomycetales;f__Geodermatophilaceae	0.0	0.0	0.0	0.0	0.0	0.0	0.0	3.3697831544540113e-05	3.7887398651208613e-05	0.0	6.428250016070625e-05	8.996311512279965e-05	0.0	0.0	0.0
k__Bacteria;p__Actinobacteria;c__Actinobacteria;o__Actinomycetales;f__Gordoniaceae	0.0	0.0	0.0	0.0	0.0	0.0	0.0	0.0	7.577479730241721e-05	0.0	0.0	0.0	0.0	0.0	0.0
k__Bacteria;p__Actinobacteria;c__Actinobacteria;o__Actinomycetales;f__Intrasporangiaceae	0.0	0.0	0.0	0.0	0.00027848504137492044	0.0002599146613528558	0.0	0.0	0.0	0.0	0.0	0.0	0.0	0.0	0.0
k__Bacteria;p__Actinobacteria;c__Actinobacteria;o__Actinomycetales;f__Microbacteriaceae	0.0	1.5494747280671853e-05	0.0	0.0	0.0	2.1659555112737987e-05	0.0	0.0	0.0	0.0	0.0	0.0	0.0	0.0	0.0
k__Bacteria;p__Actinobacteria;c__Actinobacteria;o__Actinomycetales;f__Micrococcaceae	0.015203413256414888	0.0020608013883293558	0.0534562684958689	0.013834501840692194	0.012869987269255251	0.026836188784682358	0.02157176330568677	0.004768243163552426	0.007861635220125784	0.029841603220442808	0.0063639675159099214	0.058655951060065374	0.028474156607861338	0.0340099287372888	0.06999716340458195
k__Bacteria;p__Actinobacteria;c__Actinobacteria;o__Actinomycetales;f__Mycobacteriaceae	0.0	0.0	0.0	0.0	0.0	0.00047651021248023564	0.0	0.0	0.0	0.0	0.0	0.0	0.0	0.0	0.0
k__Bacteria;p__Actinobacteria;c__Actinobacteria;o__Actinomycetales;f__Nakamurellaceae	0.0	0.0	0.0	0.0	0.0	0.0	0.0	0.0	5.6831097976812913e-05	0.0	0.0	0.0	0.0	0.0	0.0
k__Bacteria;p__Actinobacteria;c__Actinobacteria;o__Actinomycetales;f__Nocardiaceae	0.0006610179676702123	0.0	0.0	0.0	0.00033816040738383197	0.0023825510624011785	0.0	1.6848915772270053e-05	0.00015154959460483445	0.002362824888422158	0.0	0.00026988934536839896	0.0	0.0	0.0
k__Bacteria;p__Actinobacteria;c__Actinobacteria;o__Actinomycetales;f__Nocardioidaceae	0.0	0.0	0.0	0.0	7.956715467854869e-05	0.0	0.0	0.0	0.0	0.0	0.0	0.0	0.0	0.0	0.0
k__Bacteria;p__Actinobacteria;c__Actinobacteria;o__Actinomycetales;f__Propionibacteriaceae	0.0	0.0	0.0	2.344830820456304e-05	0.0	0.0	3.7192695354632346e-05	1.6848915772270053e-05	0.0	0.0	0.0	0.0	0.0	0.0	0.0
k__Bacteria;p__Actinobacteria;c__Actinobacteria;o__Actinomycetales;f__Pseudonocardiaceae	0.0	0.0	0.0	0.0	0.0	6.497866533821395e-05	0.0	0.0	0.0	0.0	0.0	0.0	0.0	0.0	0.0
k__Bacteria;p__Actinobacteria;c__Actinobacteria;o__Actinomycetales;f__Sporichthyaceae	0.0	0.0	0.0	0.0	0.0	0.0001299573306764279	0.0	0.0	0.0	0.0	0.0	0.0	0.0	0.0	0.0
k__Bacteria;p__Actinobacteria;c__Actinobacteria;o__Actinomycetales;f__Streptomycetaceae	0.0	0.0	0.0	0.0	0.0	0.0	0.0	0.0	0.0	0.0	0.0	0.0	0.0	0.0	0.0
k__Bacteria;p__Actinobacteria;c__Actinobacteria;o__Actinomycetales;f__Williamsiaceae	0.0	0.0	0.0	0.0	0.0	0.0	0.0	0.0	0.0	0.0	0.00014999250037498125	0.0	0.0	0.0	0.0
k__Bacteria;p__Actinobacteria;c__Actinobacteria;o__Bifidobacteriales;f__Bifidobacteriaceae	0.00036055525509284304	0.0004958319129814993	0.0021040387279974	0.0002813796984547565	0.0005569700827498409	0.0001732764409019039	0.0002231561721277941	0.0	0.005834659392286125	0.0	0.00014999250037498125	0.0008696434461870632	0.0	0.0016014092401313155	0.002419449033054679
k__Bacteria;p__Actinobacteria;c__Coriobacteriia;o__Coriobacteriales;f__Coriobacteriaceae	0.004006169501031589	0.010334996436208126	0.004977847722335312	0.0004924144722958238	0.02048854232972629	0.00023825510624011782	0.005597500650872169	0.0012805175986925238	0.020497082670303857	0.003150433184562877	0.0072853500182133765	0.001709299187333193	0.001547508511296812	0.010369124829850269	0.0005339473728120671
k__Bacteria;p__Actinobacteria;c__Rubrobacteria;o__Rubrobacterales;f__Rubrobacteraceae	0.0	0.0	0.0	0.0	0.0	0.0	0.0	0.0	0.0	0.0	0.0	0.0	0.0	0.0	0.0
k__Bacteria;p__Actinobacteria;c__Thermoleophilia;o__Solirubrobacterales;f__	0.0	0.0	0.0	0.0	0.0	0.0	0.0	0.0	0.0	0.0	0.0	0.0	0.0	0.0	0.0
k__Bacteria;p__Actinobacteria;c__Thermoleophilia;o__Solirubrobacterales;f__Solirubrobacteraceae	0.0	0.0	0.0	0.0	0.0	0.0	0.0	0.0	0.0	0.0	0.0	0.0	0.0	0.0	0.0
k__Bacteria;p__Bacteroidetes;c__Bacteroidia;o__Bacteroidales;f__	0.0	0.0054386562955158185	0.00013684804734942442	0.0	0.0	0.007212631852541749	0.00022315617212779413	0.0005223163889403717	0.007028112449799197	0.0	0.0	0.00020991393528653246	0.0	0.00038033469453118747	0.00043383224040980463
k__Bacteria;p__Bacteroidetes;c__Bacteroidia;o__Bacteroidales;f__Bacteroidaceae	0.0005208020351341067	0.0002014317146487341	0.0011974204143074634	0.00023448308204563042	0.0003580521960534691	0.0003682124369165458	0.0005206977349648531	0.00033697831544540107	0.0005872546790937332	0.0003500481316180975	0.0002142750005356875	0.00032986475545026536	0.0064995357474466105	0.00032028184802626315	0.0002502878310056565
k__Bacteria;p__Bacteroidetes;c__Bacteroidia;o__Bacteroidales;f__Porphyromonadaceae	0.004326663061114115	0.1146146456351297	0.012504490326553656	0.009097943583370462	0.002009070655633355	0.02048993913665013	0.0164391713467475	0.02094320230493168	0.04290747897249375	0.004988185875557889	0.005763997514409994	0.002878819683929589	0.004023522129371711	0.012170710224997995	0.014933840583337509
k__Bacteria;p__Bacteroidetes;c__Bacteroidia;o__Bacteroidales;f__Prevotellaceae	0.0911603869959738	0.1233071988595866	0.02663405121538172	0.011372429479213077	0.07634468491406747	0.02733435855227533	0.06064268977572802	0.02941820693838352	0.07738501174509359	0.054519996499518684	0.04557629261394073	0.019132155816115395	0.0009285051067780873	0.06067339258547521	0.019188733710433663
k__Bacteria;p__Bacteroidetes;c__Bacteroidia;o__Bacteroidales;f__Rikenellaceae	0.0	0.0002634107037714215	3.4212011837356105e-05	0.0	0.0	0.0	0.0	0.0	0.0	0.0	2.142750005356875e-05	0.0	0.0	0.0	1.6685855400377098e-05
k__Bacteria;p__Bacteroidetes;c__Bacteroidia;o__Bacteroidales;f__S24-7	0.0	3.0989494561343705e-05	8.553002959339024e-05	0.0	0.0	0.0	0.0	1.6848915772270053e-05	0.0	0.0	2.142750005356875e-05	0.0	0.0	0.0	0.0
k__Bacteria;p__Bacteroidetes;c__Bacteroidia;o__Bacteroidales;f__[Barnesiellaceae]	0.0	0.0	0.0	0.0	0.0	0.0	0.0	0.0	0.0	0.0	0.0	0.0	0.0	0.0	0.0
k__Bacteria;p__Bacteroidetes;c__Bacteroidia;o__Bacteroidales;f__[Odoribacteraceae]	0.0	0.0	5.1318017756034137e-05	0.0	0.0	6.497866533821395e-05	0.0	0.0	5.6831097976812913e-05	0.0	4.28550001071375e-05	0.0	0.0	0.0	0.0001501726986033939
k__Bacteria;p__Bacteroidetes;c__Bacteroidia;o__Bacteroidales;f__[Paraprevotellaceae]	0.0024037017006189533	0.005872509219374632	0.002873808994337912	0.0058855253593453226	0.0029837683004455763	0.002360891507288441	0.017926879160932798	0.00636889016191808	0.02015609608244298	0.0	0.004564057511410144	0.0009296188562689297	0.004333023831631072	0.009168067899751782	0.005556389848325574
k__Bacteria;p__Bacteroidetes;c__Bacteroidia;o__Bacteroidales;f__p-2534-18B5	0.0	0.0	0.0	0.0	0.0	0.001017999090298685	0.0	0.0	0.0	0.0	0.0	0.0	0.0	0.0	0.0
k__Bacteria;p__Bacteroidetes;c__Cytophagia;o__Cytophagales;f__	0.0	0.0	0.0	0.0	0.0	0.0012562541965388029	0.0	0.0	0.0	0.0	0.0	0.0	0.0	0.0	0.0
k__Bacteria;p__Bacteroidetes;c__Cytophagia;o__Cytophagales;f__Cytophagaceae	0.0	0.0	0.0	0.0	1.989178866963717e-05	0.0001299573306764279	0.0	3.3697831544540113e-05	0.0	0.0	0.0	0.0	0.0	0.0	0.0
k__Bacteria;p__Bacteroidetes;c__Flavobacteriia;o__Flavobacteriales;f__Flavobacteriaceae	0.0030246579732788486	0.002587622795872199	0.001607964556355736	0.005041386263981054	0.005330999363462764	0.003942039030518314	0.01050693643768364	0.000623409883573992	0.004167613851632947	0.009363787520784107	0.0028498575071246434	0.00020991393528653246	0.00897554936552151	0.0008607574665705823	0.0021024177804475144
k__Bacteria;p__Bacteroidetes;c__Flavobacteriia;o__Flavobacteriales;f__[Weeksellaceae]	0.0006009254251547383	0.00024791595649074964	0.0010092543492020048	0.0025558655942973713	0.0007161043921069382	0.029608611839112817	0.0016736712909584555	0.004161682195750704	0.00017049329393043874	0.0	0.0016927725042319313	0.0	0.0	0.0007806870045640162	0.0015684704076354475
k__Bacteria;p__Bacteroidetes;c__Sphingobacteriia;o__Sphingobacteriales;f__Sphingobacteriaceae	0.0	0.0	0.0	0.0001641381574319413	0.0	0.0046784639043514036	5.578904303194853e-05	0.0	0.0	0.0	0.0	0.0	0.0	0.0	0.0
k__Bacteria;p__Bacteroidetes;c__[Saprospirae];o__[Saprospirales];f__Chitinophagaceae	0.0	0.0	0.0	0.0	3.978357733927434e-05	0.0	0.0	0.0	0.0	0.0	0.0	0.0	0.0	0.0	0.0
k__Bacteria;p__Chloroflexi;c__Anaerolineae;o__Anaerolineales;f__Anaerolinaceae	0.0	7.747373640335927e-05	1.710600591867805e-05	0.0	0.0	4.331911022547597e-05	1.8596347677316173e-05	0.0	0.0	0.0	0.0	0.0	0.0	0.0	1.6685855400377098e-05
k__Bacteria;p__Chloroflexi;c__Thermomicrobia;o__JG30-KF-CM45;f__	0.0	0.0	0.0	0.0	0.0	0.0	0.0	0.0	0.0	0.0	4.28550001071375e-05	0.0	0.0	0.0	0.0
k__Bacteria;p__Cyanobacteria;c__4C0d-2;o__MLE1-12;f__	0.0	0.0	0.0	0.0	0.0	0.0005414888778184496	5.578904303194853e-05	1.6848915772270053e-05	0.0	0.0	0.0	0.0	0.0	0.0	0.0
k__Bacteria;p__Cyanobacteria;c__4C0d-2;o__YS2;f__	0.0	0.0	0.0	0.0	0.0	0.0	0.0	0.0	0.0	0.0	0.0	0.0	0.0	0.0	0.0
k__Bacteria;p__Cyanobacteria;c__Chloroplast;o__Stramenopiles;f__	0.00018027762754642152	0.0	0.0	0.0	0.0	0.0	0.0	0.0	0.0	0.0	0.0	0.0	0.0	0.0	0.0
k__Bacteria;p__Cyanobacteria;c__Chloroplast;o__Streptophyta;f__	0.003845922720990326	1.5494747280671853e-05	0.0	9.379323281825216e-05	0.0	0.008338928718404123	1.8596347677316173e-05	0.0	0.0012692278548154885	0.0	2.142750005356875e-05	0.0	0.0	0.0	0.0
k__Bacteria;p__FBP;c__;o__;f__	0.0	0.0	0.0	0.0	0.0	0.0	3.7192695354632346e-05	0.0	0.0	0.0	0.0	0.0	0.0	0.0	0.0
k__Bacteria;p__Firmicutes;c__Bacilli;o__Bacillales;f__	4.006169501031589e-05	0.0	0.0	0.0	0.0	2.1659555112737987e-05	1.8596347677316173e-05	0.0	0.0	0.003587993349085499	0.0	0.0	0.0	0.0	0.0
k__Bacteria;p__Firmicutes;c__Bacilli;o__Bacillales;f__Bacillaceae	0.002804318650722112	3.0989494561343705e-05	3.4212011837356105e-05	0.0011958637184327154	0.0035805219605346914	0.0044618683532240255	0.0008926246885111764	0.0004043739785344813	0.0007766916723497764	0.04559376914325719	0.00051426000128565	0.002908807388970522	0.07273290003095018	0.00032028184802626315	6.674342160150839e-05
k__Bacteria;p__Firmicutes;c__Bacilli;o__Bacillales;f__Planococcaceae	0.0006009254251547383	0.00018593696736806224	0.0011803144083887853	0.0009848289445916476	0.0012730744748567788	0.0012562541965388026	0.0010599918176070222	0.0005560142204849119	0.0007009168750473593	0.0006125842303316706	0.0021856050054640127	0.0011995082016373285	0.0006190034045187249	0.00048042277203939475	0.0008843503362199863
k__Bacteria;p__Firmicutes;c__Bacilli;o__Bacillales;f__Sporolactobacillaceae	0.0	0.0	0.0	0.0	0.0	0.0	0.0	0.0	0.0	0.0	0.0	0.0	0.0	0.0	0.0
k__Bacteria;p__Firmicutes;c__Bacilli;o__Bacillales;f__Staphylococcaceae	0.00022033932255673735	0.0001859369673680622	0.0004105441420482732	0.00021103477384106737	0.0010741565881604073	0.0019493599601464184	0.00037192695354632357	0.0008255968728412326	0.00043570508448889905	8.751203290452436e-05	0.0037069575092673938	0.0019791885327015927	0.0024760136180748994	0.0005404756185443191	0.00041714638500942757
k__Bacteria;p__Firmicutes;c__Bacilli;o__Bacillales;f__[Thermicanaceae]	0.0	0.0	0.0	0.0	0.0	0.0	0.0	0.0	0.0	0.0	0.0	0.0	0.0	0.0	0.0
k__Bacteria;p__Firmicutes;c__Bacilli;o__Gemellales;f__	2.0030847505157944e-05	0.0	5.131801775603415e-05	0.0002813796984547565	3.978357733927434e-05	2.1659555112737987e-05	5.578904303194853e-05	0.00011794241040589036	0.00013260589527923014	0.00026253609871357313	0.00017142000042855	0.0	0.0	2.0017615501641447e-05	0.0
k__Bacteria;p__Firmicutes;c__Bacilli;o__Gemellales;f__Gemellaceae	0.025158744466478374	0.01028851219436611	0.0618724234078585	0.095035993153094	0.03727721196690008	0.016093049448764322	0.07481310670584297	0.0932250509679702	0.04516177919224066	0.02187800822613109	0.0462834001157085	0.011275377095390893	0.013308573197152585	0.011850428376971736	0.010562146468438704
k__Bacteria;p__Firmicutes;c__Bacilli;o__Lactobacillales;f__	2.0030847505157944e-05	0.0	1.710600591867805e-05	2.344830820456304e-05	0.0	0.0	1.8596347677316173e-05	1.6848915772270053e-05	0.0	0.0	0.0	0.0	0.0	2.0017615501641447e-05	1.6685855400377098e-05
k__Bacteria;p__Firmicutes;c__Bacilli;o__Lactobacillales;f__Aerococcaceae	0.00016024678004126355	6.197898912268741e-05	0.00039343813612959514	0.00025793139025019347	0.00025859325270528324	0.00019493599601464183	0.0002417525198051103	3.3697831544540113e-05	0.0002652117905584603	8.751203290452436e-05	0.000771390001928475	0.0005997541008186643	0.0	0.00014012330851149012	0.0002002302648045252
k__Bacteria;p__Firmicutes;c__Bacilli;o__Lactobacillales;f__Carnobacteriaceae	0.010135608837609923	0.001952338157364653	0.02163909748712773	0.01571036649705724	0.011636696371737748	0.01256254196538803	0.014356380406888088	0.02084210881029806	0.013014321436690159	0.011726612409206263	0.032784075081960184	0.02261072960086365	0.006190034045187249	0.008127151893666426	0.009327393168810805
k__Bacteria;p__Firmicutes;c__Bacilli;o__Lactobacillales;f__Enterococcaceae	0.0020631772930312683	0.0011311165514890453	0.0044817735506936475	0.0039393157783665905	0.0033020369191597712	0.00268578483397951	0.004649086919329044	0.02532392040572189	0.0028604985981662504	0.0014877045593769144	0.006942510017356275	0.0047380573964674495	0.0018570102135561746	0.001981743934662503	0.0025362500208573192
k__Bacteria;p__Firmicutes;c__Bacilli;o__Lactobacillales;f__Lactobacillaceae	0.0012819742403301086	0.0053456878118317884	0.0020698267161600443	0.002508968977888245	0.003739656269891789	0.0009530204249604713	0.0019154238107635664	0.0030833515863254203	0.0009661286656058193	0.007351010763980046	0.003985515009963789	0.0036585000149938532	0.0012380068090374495	0.0034029946352790467	0.0040880345730923895
k__Bacteria;p__Firmicutes;c__Bacilli;o__Lactobacillales;f__Leuconostocaceae	0.0	0.0	0.0	0.0	0.0	0.0	0.0	0.0	0.0	0.0	0.0	0.0	0.0	0.0	0.0
k__Bacteria;p__Firmicutes;c__Bacilli;o__Lactobacillales;f__Streptococcaceae	0.4609298319411897	0.23865009761690775	0.4186181768418894	0.4317536989706192	0.4771841183959259	0.2276635837899892	0.2340350355190239	0.5588279894188808	0.18856558308706486	0.17528660190776227	0.6701664916754155	0.6396977239331872	0.3642835035592694	0.5477820482024174	0.5579583187332101
k__Bacteria;p__Firmicutes;c__Bacilli;o__Turicibacterales;f__Turicibacteraceae	0.0	0.0	0.0	0.0	0.0	0.0	0.0	0.0	0.0	0.0	0.0	0.0	0.0	0.0	0.0
k__Bacteria;p__Firmicutes;c__Clostridia;o__;f__	0.0	0.0	0.0	0.0	0.0	0.0	0.0	0.0	0.0	0.0	0.0	0.0	0.0	0.0	0.0
k__Bacteria;p__Firmicutes;c__Clostridia;o__Clostridiales;f__	0.00010015423752578972	0.005655582757445226	0.0014711165090063125	0.0011020704856144626	5.967536600891153e-05	0.014035391713054214	0.003049801019079853	0.001061481693653013	0.0015344396453739484	8.751203290452436e-05	4.28550001071375e-05	8.996311512279965e-05	0.006190034045187249	0.0008207222355672991	0.0024027631776543023
k__Bacteria;p__Firmicutes;c__Clostridia;o__Clostridiales;f__Christensenellaceae	0.0	0.0	0.0	0.0	0.0	0.0	0.0	0.0	0.0	0.0	0.0	0.0	0.0	0.0	0.0
k__Bacteria;p__Firmicutes;c__Clostridia;o__Clostridiales;f__Clostridiaceae	0.0013220359353404245	0.0146425361802349	0.0008039822781778683	0.000586207705114076	0.0003978357733927435	0.0007364248738330915	0.0006508721687060661	0.0017185894087715454	0.004925361824657118	0.00026253609871357313	0.00044997750112494363	0.0011395327915554624	0.005261528938409161	0.00040035231003282887	0.0053728454389214255
k__Bacteria;p__Firmicutes;c__Clostridia;o__Clostridiales;f__Dehalobacteriaceae	0.0	0.0	0.0	0.0	0.0	0.0	0.0	0.0	0.0	0.0	0.0	0.0	0.0	0.0	0.0
k__Bacteria;p__Firmicutes;c__Clostridia;o__Clostridiales;f__EtOH8	0.0	0.0	0.0	0.0	0.0	0.0	0.0	0.0	0.0	0.0	0.0	0.0	0.0	0.0	0.0
k__Bacteria;p__Firmicutes;c__Clostridia;o__Clostridiales;f__Eubacteriaceae	0.0	0.0003253896928941089	0.00027369609469884884	0.0	0.0	0.0	0.0	0.0	0.000985072364931424	0.0	0.0	2.9987705040933214e-05	0.0	0.0	1.6685855400377098e-05
k__Bacteria;p__Firmicutes;c__Clostridia;o__Clostridiales;f__Lachnospiraceae	0.05147927808825594	0.017447085438036518	0.018440274380334947	0.0068938026121415355	0.016172024188415023	0.02211440577010548	0.02757838360545989	0.002965409175919529	0.024266878836099126	0.06265861555963946	0.009728085024320212	0.002399016403274657	0.009904054472299596	0.007346464889102413	0.0056565049807278354
k__Bacteria;p__Firmicutes;c__Clostridia;o__Clostridiales;f__Peptococcaceae	0.0	0.004834361151569618	1.710600591867805e-05	0.0001641381574319413	0.000795671546785487	8.663822045095193e-05	0.0009856064268977574	0.00013479132617816045	0.0005683109797681293	0.0	8.5710000214275e-05	0.0	0.0	0.0010008807750820725	0.0002002302648045252
k__Bacteria;p__Firmicutes;c__Clostridia;o__Clostridiales;f__Peptostreptococcaceae	0.0020832081405364267	0.02539589079302117	0.00013684804734942442	0.0	0.0	0.007385908293443653	0.005616096998549485	0.0024262438712068877	0.008145790710009851	0.0	0.00019284750048211875	0.00047980328065493153	0.0	0.003703258867803667	0.004004605296090504
k__Bacteria;p__Firmicutes;c__Clostridia;o__Clostridiales;f__Ruminococcaceae	0.00022033932255673735	0.00012395797824537482	0.00360936724884107	0.0002110347738410674	0.0003182686187141948	0.0001299573306764279	0.00018596347677316176	0.00020218698926724064	0.00011366219595362583	0.00026253609871357313	0.0002785575006963937	0.0003898401655321319	0.0018570102135561746	0.000180158539514773	0.0002169161202049024
k__Bacteria;p__Firmicutes;c__Clostridia;o__Clostridiales;f__Syntrophomonadaceae	0.0	0.0	0.0	0.0	0.0	0.0008014035391713054	0.0	0.0	0.0	0.0	0.0	0.0	0.0	0.0	0.0
k__Bacteria;p__Firmicutes;c__Clostridia;o__Clostridiales;f__Veillonellaceae	0.11780141417783388	0.07635811459915091	0.0421663045895414	0.022088306328698376	0.05283259070655635	0.1461153587905305	0.0849481161899802	0.040774376168893546	0.11836023338637575	0.06747177736938828	0.08776704021941761	0.07496926260233303	0.051996285979572905	0.11404035551285133	0.05137574877776112
k__Bacteria;p__Firmicutes;c__Clostridia;o__Clostridiales;f__[Acidaminobacteraceae]	0.0	0.003780718336483932	0.0	0.0	0.0	0.001841062184582729	0.0007438539070926469	0.0001179424104058904	0.0006630294763961506	0.0	0.0	0.00020991393528653246	0.0	0.0006405636960525263	0.0003170312526071649
k__Bacteria;p__Firmicutes;c__Clostridia;o__Clostridiales;f__[Mogibacteriaceae]	0.0020231155980209524	0.026465028355387527	0.019244256658512805	0.002016554505592421	0.009886218968809677	0.008187311832614959	0.015156023357012684	0.0026958265235632085	0.014283549291505647	0.00761354686269362	0.0004928325012320811	0.0026089303385611893	0.0	0.013191608615581713	0.005906792811733493
k__Bacteria;p__Firmicutes;c__Clostridia;o__Clostridiales;f__[Tissierellaceae]	0.0005208020351341067	0.014766494158480276	0.008775381036281837	0.0026262105189110607	0.007041693189051559	0.0032922523771361733	0.019098449064603715	0.002325150376573268	0.007596423429567327	0.0	0.0001285650003214125	0.0035085614897891865	0.0	0.014112418928657219	0.012564449116483958
k__Bacteria;p__Firmicutes;c__Clostridia;o__SHA-98;f__	0.0	0.0	1.710600591867805e-05	0.0	0.0	0.0	0.0	0.0	0.0	0.0	0.0	0.0	0.0	0.0	0.0
k__Bacteria;p__Firmicutes;c__Clostridia;o__Thermoanaerobacterales;f__Caldicellulosiruptoraceae	0.0	0.0	0.0	9.379323281825216e-05	0.0	0.0	0.00014877078141852938	0.0	0.0	0.0	0.0	0.0	0.0	0.0	0.0
k__Bacteria;p__Firmicutes;c__Clostridia;o__Thermoanaerobacterales;f__Thermoanaerobacteraceae	0.0	0.0	0.0	0.0	0.0	0.0	0.0	0.0	0.0	0.0	0.0	0.0	0.0	0.0	0.0
k__Bacteria;p__Firmicutes;c__Erysipelotrichi;o__Erysipelotrichales;f__Erysipelotrichaceae	0.0019229613604951625	0.0024481700703461533	0.0022750987871841804	0.00032827631486388254	0.005689051559516232	0.0005848079880439256	0.0010971845129616547	0.0007413522939798822	0.006346139274077442	0.007876082961407193	0.00034284000085709994	0.0014094221369238614	0.001547508511296812	0.00540475618544319	0.0018187582386411038
k__Bacteria;p__Fusobacteria;c__Fusobacteriia;o__Fusobacteriales;f__Fusobacteriaceae	0.008853634597279813	0.052093340357618784	0.03867667938213107	0.0680704387178465	0.12181731381285806	0.05798262903679958	0.08628705322274706	0.011726845377499956	0.08291657194817004	0.01242670867244246	0.002699865006749663	0.005547725432572645	0.0	0.0401353190807911	0.05055814186314261
k__Bacteria;p__Fusobacteria;c__Fusobacteriia;o__Fusobacteriales;f__Leptotrichiaceae	0.04366724756124432	0.08475626762527504	0.010776783728767171	0.06989940675780243	0.007757797581158498	0.034590309515042564	0.02737382378100941	0.015450455763171637	0.03322724861710995	0.004550625711035267	0.005571150013927876	0.00032986475545026536	0.0	0.004944351028905438	0.08131017336603764
k__Bacteria;p__GN02;c__BD1-5;o__;f__	0.0	0.0	0.0	0.0	0.0	0.0	9.298173838658088e-05	0.0001684891577227005	0.0	0.0	0.0	0.0	0.0	0.0	0.0
k__Bacteria;p__Lentisphaerae;c__[Lentisphaeria];o__Victivallales;f__Victivallaceae	0.0	0.0	0.0	0.0	0.0	0.0	0.0	0.0	0.0	0.0	0.0	0.0	0.0	0.0	0.0
k__Bacteria;p__Planctomycetes;c__Phycisphaerae;o__WD2101;f__	0.0	0.0	0.0	0.0	0.0	0.0	0.0	0.0	0.0	0.0	0.0	0.0	0.0	0.0	0.0
k__Bacteria;p__Proteobacteria;c__Alphaproteobacteria;o__;f__	0.0	0.0	0.0	0.0	0.0	0.0003682124369165457	0.0	0.0	0.0	0.0	0.0	0.0	0.0	0.0	0.0
k__Bacteria;p__Proteobacteria;c__Alphaproteobacteria;o__Caulobacterales;f__	0.0	0.0	0.0	0.0	0.0	0.00041153154714202166	0.0	0.0	0.0	0.0	0.0	0.0	0.0	0.0	0.0
k__Bacteria;p__Proteobacteria;c__Alphaproteobacteria;o__Caulobacterales;f__Caulobacteraceae	0.0	0.0	0.0	0.0	0.0	0.002664125278866772	0.0	0.0	0.0	0.0	2.142750005356875e-05	0.0	0.0	0.0	0.0
k__Bacteria;p__Proteobacteria;c__Alphaproteobacteria;o__RF32;f__	0.0	0.0	0.0	0.0	0.0	0.0	0.0	0.0	0.0	0.0	0.0	0.0	0.0	0.0	0.0
k__Bacteria;p__Proteobacteria;c__Alphaproteobacteria;o__Rhizobiales;f__	0.0	0.0	0.0	0.0	0.0	0.0007147653187203534	0.0	0.0	0.0	0.0	0.0	0.0	0.0	0.0	0.0
k__Bacteria;p__Proteobacteria;c__Alphaproteobacteria;o__Rhizobiales;f__Aurantimonadaceae	0.0	0.0	0.0	0.0	0.0	2.1659555112737987e-05	0.0	0.0	0.0	0.0	0.0	0.0	0.0	0.0	0.0
k__Bacteria;p__Proteobacteria;c__Alphaproteobacteria;o__Rhizobiales;f__Bradyrhizobiaceae	0.0	0.0	0.0	0.0	0.0	0.0003682124369165457	0.0	3.3697831544540113e-05	0.0	0.0	0.0	0.0	0.0018570102135561746	0.0	0.0
k__Bacteria;p__Proteobacteria;c__Alphaproteobacteria;o__Rhizobiales;f__Brucellaceae	0.0	0.0	0.0	0.0	0.0	0.00010829777556368991	0.0	0.0	0.0	0.00026253609871357313	0.0	0.0	0.0	0.0	0.0
k__Bacteria;p__Proteobacteria;c__Alphaproteobacteria;o__Rhizobiales;f__Hyphomicrobiaceae	0.0	0.0	0.0	0.0	0.0	0.0008663822045095193	0.0	0.0	0.0	0.0	0.0	0.0	0.0	0.0	0.0
k__Bacteria;p__Proteobacteria;c__Alphaproteobacteria;o__Rhizobiales;f__Methylobacteriaceae	0.0008212647477114758	0.0	0.0	0.0	0.0005370782940802036	0.00038987199202928367	0.0	0.0	7.577479730241721e-05	0.0	0.0	0.0	0.0	4.0035231003282894e-05	0.0
k__Bacteria;p__Proteobacteria;c__Alphaproteobacteria;o__Rhizobiales;f__Methylocystaceae	0.0	0.0	0.0	0.0	0.0	0.0	0.0	0.0	0.0	0.0	0.0	0.0	0.0	0.0	0.0
k__Bacteria;p__Proteobacteria;c__Alphaproteobacteria;o__Rhizobiales;f__Phyllobacteriaceae	0.0	0.0	0.0	0.0	0.0	0.0	0.0	0.0	0.0	0.0	0.0	0.0	0.0	0.0	0.0
k__Bacteria;p__Proteobacteria;c__Alphaproteobacteria;o__Rhizobiales;f__Rhizobiaceae	0.0	0.0	0.0	0.0	0.0	0.0044618683532240255	0.0	3.3697831544540113e-05	0.0	0.0	0.0	0.0	0.0	0.0	3.3371710800754196e-05
k__Bacteria;p__Proteobacteria;c__Alphaproteobacteria;o__Rhodobacterales;f__Rhodobacteraceae	0.0	0.0	0.0	0.0	0.0	0.0	7.438539070926469e-05	0.0	0.0	0.004900673842653364	0.00023570250058925626	0.0	0.0	0.0	0.0
k__Bacteria;p__Proteobacteria;c__Alphaproteobacteria;o__Rhodospirillales;f__Acetobacteraceae	0.0	0.0	0.0	0.0	0.0	0.0	0.0	0.0	0.0	0.0	0.0	0.0	0.009594552770040236	0.0	0.0
k__Bacteria;p__Proteobacteria;c__Alphaproteobacteria;o__Rickettsiales;f__mitochondria	0.0007611722051960019	0.0	0.0	0.0	0.0	0.006064675431566636	1.8596347677316173e-05	0.0	0.0009661286656058195	0.009363787520784107	0.0	0.0	0.0	0.0	1.6685855400377098e-05
k__Bacteria;p__Proteobacteria;c__Alphaproteobacteria;o__Sphingomonadales;f__Erythrobacteraceae	0.0	0.0	0.0	0.0	0.0	0.0	0.0	0.0	0.0	0.0	0.0	0.0	0.0	0.0	0.0
k__Bacteria;p__Proteobacteria;c__Alphaproteobacteria;o__Sphingomonadales;f__Sphingomonadaceae	0.0	0.0	0.0	0.0	0.0	0.0008447226493967814	0.0	0.0	0.0	0.010676468014351972	2.142750005356875e-05	0.0005097909856958646	0.019189105540080468	0.0	0.0
k__Bacteria;p__Proteobacteria;c__Betaproteobacteria;o__;f__	0.0	0.0	0.0	0.0	0.0	0.0	0.0	0.0	0.0	0.0	0.0	0.0	0.0	0.0	0.0
k__Bacteria;p__Proteobacteria;c__Betaproteobacteria;o__Burkholderiales;f__	4.006169501031589e-05	0.0	1.710600591867805e-05	0.0	0.0	0.0	5.578904303194853e-05	1.6848915772270053e-05	1.8943699325604307e-05	8.751203290452436e-05	0.0	0.0	0.0	0.0	0.0
k__Bacteria;p__Proteobacteria;c__Betaproteobacteria;o__Burkholderiales;f__Alcaligenaceae	2.0030847505157944e-05	0.0	0.00011974204143074632	0.0	0.0	0.0	1.8596347677316173e-05	0.0	0.0	0.0	2.142750005356875e-05	0.0	0.0027855153203342623	0.0	0.0
k__Bacteria;p__Proteobacteria;c__Betaproteobacteria;o__Burkholderiales;f__Burkholderiaceae	0.028483865152334593	0.0	0.010725465711011135	0.0019227612727741692	0.0001591343093570974	0.00021659555112737983	0.04437088555807639	0.0005728631362571817	0.00035993028718648185	0.08418657565415244	0.0008356725020891813	8.996311512279965e-05	0.0748994119467657	0.0	0.0
k__Bacteria;p__Proteobacteria;c__Betaproteobacteria;o__Burkholderiales;f__Comamonadaceae	0.0004607094926186327	1.5494747280671853e-05	0.0	9.379323281825216e-05	0.0008155633354551241	0.01141458554441292	0.001803845724699669	0.00015164024195043048	7.577479730241721e-05	0.012776756804060558	0.0	0.0005697663957777312	0.013308573197152585	6.005284650492433e-05	0.0
k__Bacteria;p__Proteobacteria;c__Betaproteobacteria;o__Burkholderiales;f__Oxalobacteraceae	0.00012018508503094766	0.0	0.0	0.00021103477384106737	0.0003978357733927435	0.0004981697675929737	0.00014877078141852938	1.6848915772270053e-05	0.0	0.01487704559376914	0.00017142000042855	0.0	0.017022593624264934	6.005284650492433e-05	0.0
k__Bacteria;p__Proteobacteria;c__Betaproteobacteria;o__Neisseriales;f__Neisseriaceae	0.0018628688179796887	0.008057268585949365	0.02550505482474897	0.04457523389687434	0.0001392425206874602	0.0014511901925534447	0.09242384795626137	0.023335748344594027	0.005758884594983708	0.060995886934453486	0.00019284750048211875	0.0017392868923741267	0.04828226555246054	0.0006205460805508848	0.00020023026480452526
k__Bacteria;p__Proteobacteria;c__Betaproteobacteria;o__Rhodocyclales;f__Rhodocyclaceae	0.0	0.0	0.0	0.0	1.989178866963717e-05	4.331911022547597e-05	0.0	0.0	0.0	0.0	0.0	0.0	0.00030950170225936243	0.0	0.0
k__Bacteria;p__Proteobacteria;c__Deltaproteobacteria;o__Desulfobacterales;f__Desulfobulbaceae	0.0	0.00017044222008739038	6.842402367471221e-05	0.0	0.0	0.0007364248738330915	0.0	3.3697831544540113e-05	0.0	0.0	0.0	0.0	0.0	0.00016014092401313157	0.000166858554003771
k__Bacteria;p__Proteobacteria;c__Deltaproteobacteria;o__Desulfovibrionales;f__Desulfomicrobiaceae	0.0	0.0031609284452570573	0.0	0.0	0.0	0.0021009768459355847	0.0	0.0	0.0	0.0	0.0	0.0	0.0	0.0	0.0
k__Bacteria;p__Proteobacteria;c__Deltaproteobacteria;o__Desulfovibrionales;f__Desulfovibrionaceae	0.0	1.5494747280671853e-05	5.131801775603415e-05	2.344830820456304e-05	0.0	8.663822045095193e-05	0.0003533306058690073	0.0	0.013090096233992574	0.0	0.0	0.0010195819713917293	0.0	0.0	0.0
k__Bacteria;p__Proteobacteria;c__Deltaproteobacteria;o__Desulfuromonadales;f__Geobacteraceae	0.0	0.0	0.0	0.0	0.0	0.0	0.0	0.0	0.0	0.0	0.0	0.0	0.0	0.0	0.0
k__Bacteria;p__Proteobacteria;c__Deltaproteobacteria;o__Myxococcales;f__0319-6G20	0.0	0.0	0.0	0.0	0.0	0.0005198293227057116	7.438539070926469e-05	0.0	0.0	0.0	0.0	2.9987705040933214e-05	0.0	0.0	0.0
k__Bacteria;p__Proteobacteria;c__Deltaproteobacteria;o__Myxococcales;f__Nannocystaceae	0.0	0.0	0.0	0.0	0.0	0.0	0.0	0.0	0.0	0.0	0.0	0.0	0.0	0.0	0.0
k__Bacteria;p__Proteobacteria;c__Epsilonproteobacteria;o__Campylobacterales;f__Campylobacteraceae	0.009534683412455185	0.006895162539898974	0.004208077455994799	0.00794897648134687	0.010144812221514959	0.010396586454114232	0.012812883549670844	0.003892099543394383	0.02170947942714253	0.015314605758291763	0.002142750005356876	0.00167931148229226	0.003404518724852987	0.005104491952918569	0.004054662862291635
k__Bacteria;p__Proteobacteria;c__Epsilonproteobacteria;o__Campylobacterales;f__Helicobacteraceae	0.0	9.296848368403112e-05	0.0	0.0	0.0	0.0	0.0	0.0	0.0	0.0	0.0	0.0	0.0	0.0	0.0
k__Bacteria;p__Proteobacteria;c__Gammaproteobacteria;o__Aeromonadales;f__Aeromonadaceae	0.0	0.0	0.0	0.0	0.0	0.0	0.0	0.0	0.0	0.0	0.0	0.0	0.0	0.0	0.0
k__Bacteria;p__Proteobacteria;c__Gammaproteobacteria;o__Alteromonadales;f__Alteromonadaceae	0.0	0.0	0.0	0.0	0.0	0.0	0.0	0.0	0.0	0.0	0.0	0.0	0.0	0.0	0.0
k__Bacteria;p__Proteobacteria;c__Gammaproteobacteria;o__Alteromonadales;f__[Chromatiaceae]	8.012339002063178e-05	0.0	0.0	0.0	0.0002188096753660089	0.0	0.0	0.0	0.0	0.0	8.5710000214275e-05	0.0	0.0018570102135561746	0.0	0.0
k__Bacteria;p__Proteobacteria;c__Gammaproteobacteria;o__Cardiobacteriales;f__Cardiobacteriaceae	0.0004406786451134748	0.0006817688803495615	0.00034212011837356096	0.002766900368138439	0.0	0.001169615976087851	0.0032915535388849627	1.6848915772270053e-05	0.003371978479957566	0.0	0.0	0.0	0.0	0.0	0.0
k__Bacteria;p__Proteobacteria;c__Gammaproteobacteria;o__Enterobacteriales;f__Enterobacteriaceae	0.00024037017006189532	7.747373640335927e-05	0.00011974204143074632	4.689661640912608e-05	5.967536600891153e-05	0.001364551972102493	0.00013017443374121324	5.054674731681016e-05	3.7887398651208613e-05	0.0	0.0002785575006963937	0.00017992623024559932	0.0009285051067780873	2.0017615501641447e-05	0.000166858554003771
k__Bacteria;p__Proteobacteria;c__Gammaproteobacteria;o__Legionellales;f__	0.0	0.0	0.0	0.0	0.0	0.0	0.0	0.0	0.0	0.0	0.0	0.0	0.0	0.0	0.0
k__Bacteria;p__Proteobacteria;c__Gammaproteobacteria;o__Pasteurellales;f__Pasteurellaceae	0.02806321735472628	0.011419628745855151	0.034879146068184534	0.11663188500949655	0.021463239974538514	0.08652992267538825	0.016792501952616508	0.09780795605802764	0.028055618701219972	0.07193489104751903	0.008078167520195419	2.9987705040933214e-05	0.09068399876199318	0.024601649451517337	0.025879761725984888
k__Bacteria;p__Proteobacteria;c__Gammaproteobacteria;o__Pseudomonadales;f__Moraxellaceae	0.0011617891552991608	0.00021692646192940596	0.0002565900887801707	0.0022275892794334892	0.001253182686187142	0.03747103034503671	0.0008182392978019117	0.00013479132617816045	0.0005872546790937334	0.01618972608733701	0.0002785575006963937	0.0010795573814735956	0.013927576601671307	0.00048042277203939453	0.00021691612020490231
k__Bacteria;p__Proteobacteria;c__Gammaproteobacteria;o__Pseudomonadales;f__Pseudomonadaceae	0.0009214189852372654	1.5494747280671853e-05	6.842402367471221e-05	0.0007972424789551433	0.0018897199236155317	0.003270592822023436	0.0004649086919329044	0.00025273373658405085	0.001685989239978783	0.033254572503719264	0.00017142000042854995	0.0008996311512279963	0.010523057876818322	0.00020017615501641443	0.0
k__Bacteria;p__Proteobacteria;c__Gammaproteobacteria;o__Xanthomonadales;f__Sinobacteraceae	0.0	0.0	0.0	0.0	0.0	0.0	0.0	0.0	0.0	0.0	0.0	0.0	0.0	0.00014012330851149012	0.0
k__Bacteria;p__Proteobacteria;c__Gammaproteobacteria;o__Xanthomonadales;f__Xanthomonadaceae	0.0006209562726598963	0.0	0.0	0.0003282763148638826	0.0	0.0005848079880439258	0.00026034886748242653	0.0	9.471849662802153e-05	0.0	0.0	0.0001499385252046661	0.0018570102135561746	0.0	0.0
k__Bacteria;p__SR1;c__;o__;f__	0.00012018508503094766	0.002029811893768013	0.0	7.034492461368912e-05	0.0	0.003183954601572484	0.00029754156283705877	0.001044632777880743	0.0	0.0	0.0	0.0	0.0	0.0	0.0
k__Bacteria;p__Spirochaetes;c__Spirochaetes;o__Spirochaetales;f__Spirochaetaceae	0.000701079662680528	0.03828752053054015	0.003147505089036761	0.0005158627805003869	0.0015714513049013368	0.03424375663323875	0.006192583776546285	0.006621623898502131	0.02434265363340153	0.0010501443948542923	6.428250016070625e-05	0.001649323777251327	0.0	0.003282888942269197	0.00397123358528975
k__Bacteria;p__Synergistetes;c__Synergistia;o__Synergistales;f__Dethiosulfovibrionaceae	0.00040061695010315887	0.003780718336483932	0.0007697702663405122	9.379323281825216e-05	0.0	0.007429227403669129	0.0025105069364376835	0.0001684891577227005	0.004413881942865803	0.0	0.0	0.0004198278705730649	0.0	0.0018616382416526548	0.0012514391550282823
k__Bacteria;p__Synergistetes;c__Synergistia;o__Synergistales;f__Synergistaceae	0.0	0.0	0.0	0.0	0.0	0.0	0.0	0.0	0.0	0.0	0.0	0.0	0.0	0.0	0.0
k__Bacteria;p__TM6;c__SJA-4;o__;f__	0.0	0.0	0.0	0.0	0.0	0.0	0.0	0.0	0.0	0.0	0.0	0.0	0.0	0.0	0.0
k__Bacteria;p__TM7;c__TM7-3;o__;f__	0.00030046271257736916	7.747373640335927e-05	1.710600591867805e-05	9.379323281825216e-05	7.956715467854869e-05	0.0006931057636076156	0.0002417525198051103	0.0	0.0007198605743729635	8.751203290452436e-05	0.0	0.0	0.0	2.0017615501641447e-05	1.6685855400377098e-05
k__Bacteria;p__TM7;c__TM7-3;o__CW040;f__	0.0	0.0	0.0	0.0	0.0	0.0	0.0	0.0	0.0	0.0	0.0	0.0	0.0	0.0	0.0
k__Bacteria;p__TM7;c__TM7-3;o__CW040;f__F16	8.012339002063178e-05	0.0	0.0	0.0	0.0	0.0	9.298173838658088e-05	0.0	3.7887398651208613e-05	0.0	0.0	0.0	0.0	2.0017615501641447e-05	0.0
k__Bacteria;p__TM7;c__TM7-3;o__I025;f__Rs-045	6.009254251547383e-05	3.0989494561343705e-05	1.710600591867805e-05	0.0	0.0	6.497866533821395e-05	0.0	0.0	0.0002083806925816473	0.0	0.0	0.0	0.0	4.0035231003282894e-05	0.0
k__Bacteria;p__Tenericutes;c__Mollicutes;o__Acholeplasmatales;f__Acholeplasmataceae	0.0	0.0	0.0	0.0	0.0	0.020056748034395368	0.0	0.0009266903674748529	0.0	0.0	0.0	2.9987705040933214e-05	0.0	0.0	0.0
k__Bacteria;p__Tenericutes;c__Mollicutes;o__Mycoplasmatales;f__Mycoplasmataceae	0.00016024678004126355	0.018361275527596144	0.0005644981953163758	0.0	0.0	0.0002599146613528558	0.0002231561721277941	5.054674731681016e-05	0.001685989239978783	0.0	0.00019284750048211875	0.0002998770504093322	0.0	0.0013812154696132596	0.004104720428492767
k__Bacteria;p__Tenericutes;c__Mollicutes;o__RF39;f__	0.0	0.0	0.0	0.0	0.0	0.0	0.0002231561721277941	3.3697831544540113e-05	0.0	0.0	0.0	0.0	0.0	0.0	0.0
k__Bacteria;p__Tenericutes;c__RF3;o__ML615J-28;f__	0.0	0.0014410114971024825	1.710600591867805e-05	0.0	0.0	0.0008447226493967814	0.0	0.0	0.0	0.0	0.0	0.0	0.0	0.0	0.0001501726986033939
k__Bacteria;p__Verrucomicrobia;c__Verrucomicrobiae;o__Verrucomicrobiales;f__Verrucomicrobiaceae	4.006169501031589e-05	7.747373640335927e-05	3.4212011837356105e-05	0.0	0.00013924252068746022	6.497866533821395e-05	3.7192695354632346e-05	6.739566308908021e-05	5.6831097976812913e-05	0.0	4.28550001071375e-05	5.997541008186644e-05	0.002166511915815537	8.007046200656577e-05	6.674342160150839e-05
k__Bacteria;p__[Thermi];c__Deinococci;o__Deinococcales;f__Deinococcaceae	0.0003805861025980009	0.0	0.0	0.0	0.00027848504137492044	0.00043319110225475965	0.00016736712909584558	1.6848915772270053e-05	9.471849662802153e-05	0.004988185875557889	8.5710000214275e-05	0.0002399016403274657	0.007428040854224698	8.007046200656577e-05	0.0
k__Bacteria;p__[Thermi];c__Deinococci;o__Deinococcales;f__Trueperaceae	0.0	0.0	0.0	0.0	0.0	0.0	0.0	0.0	0.0	0.00560077010588956	0.0	0.0	0.0	0.0	0.0
k__Bacteria;p__[Thermi];c__Deinococci;o__Thermales;f__Thermaceae	0.0018228071229693726	3.0989494561343705e-05	1.710600591867805e-05	0.0007972424789551432	0.0005967536600891152	0.001862721739695467	0.0006694685163833822	0.00010109349463362032	0.0002841554898840645	0.018114990811236544	0.0002999850007499625	0.001229495906678262	0.025998142989786442	0.0001401233085114901	3.3371710800754196e-05
